{
 "cells": [
  {
   "cell_type": "code",
   "execution_count": 2,
   "metadata": {},
   "outputs": [],
   "source": [
    "import pandas as pd"
   ]
  },
  {
   "cell_type": "code",
   "execution_count": 3,
   "metadata": {},
   "outputs": [
    {
     "ename": "FileNotFoundError",
     "evalue": "[Errno 2] No such file or directory: 'Desktop/data/housing data/housingdata.csv'",
     "output_type": "error",
     "traceback": [
      "\u001b[1;31m---------------------------------------------------------------------------\u001b[0m",
      "\u001b[1;31mFileNotFoundError\u001b[0m                         Traceback (most recent call last)",
      "\u001b[1;32m<ipython-input-3-c9de6257ff9f>\u001b[0m in \u001b[0;36m<module>\u001b[1;34m\u001b[0m\n\u001b[0;32m      1\u001b[0m \u001b[0mpath\u001b[0m \u001b[1;33m=\u001b[0m \u001b[1;34m\"Desktop/data/housing data/housingdata.csv\"\u001b[0m\u001b[1;33m\u001b[0m\u001b[1;33m\u001b[0m\u001b[0m\n\u001b[1;32m----> 2\u001b[1;33m \u001b[0mdf\u001b[0m \u001b[1;33m=\u001b[0m \u001b[0mpd\u001b[0m\u001b[1;33m.\u001b[0m\u001b[0mread_csv\u001b[0m\u001b[1;33m(\u001b[0m\u001b[0mpath\u001b[0m\u001b[1;33m)\u001b[0m\u001b[1;33m\u001b[0m\u001b[1;33m\u001b[0m\u001b[0m\n\u001b[0m",
      "\u001b[1;32mc:\\users\\anike\\appdata\\local\\programs\\python\\python38\\lib\\site-packages\\pandas\\io\\parsers.py\u001b[0m in \u001b[0;36mread_csv\u001b[1;34m(filepath_or_buffer, sep, delimiter, header, names, index_col, usecols, squeeze, prefix, mangle_dupe_cols, dtype, engine, converters, true_values, false_values, skipinitialspace, skiprows, skipfooter, nrows, na_values, keep_default_na, na_filter, verbose, skip_blank_lines, parse_dates, infer_datetime_format, keep_date_col, date_parser, dayfirst, cache_dates, iterator, chunksize, compression, thousands, decimal, lineterminator, quotechar, quoting, doublequote, escapechar, comment, encoding, dialect, error_bad_lines, warn_bad_lines, delim_whitespace, low_memory, memory_map, float_precision, storage_options)\u001b[0m\n\u001b[0;32m    603\u001b[0m     \u001b[0mkwds\u001b[0m\u001b[1;33m.\u001b[0m\u001b[0mupdate\u001b[0m\u001b[1;33m(\u001b[0m\u001b[0mkwds_defaults\u001b[0m\u001b[1;33m)\u001b[0m\u001b[1;33m\u001b[0m\u001b[1;33m\u001b[0m\u001b[0m\n\u001b[0;32m    604\u001b[0m \u001b[1;33m\u001b[0m\u001b[0m\n\u001b[1;32m--> 605\u001b[1;33m     \u001b[1;32mreturn\u001b[0m \u001b[0m_read\u001b[0m\u001b[1;33m(\u001b[0m\u001b[0mfilepath_or_buffer\u001b[0m\u001b[1;33m,\u001b[0m \u001b[0mkwds\u001b[0m\u001b[1;33m)\u001b[0m\u001b[1;33m\u001b[0m\u001b[1;33m\u001b[0m\u001b[0m\n\u001b[0m\u001b[0;32m    606\u001b[0m \u001b[1;33m\u001b[0m\u001b[0m\n\u001b[0;32m    607\u001b[0m \u001b[1;33m\u001b[0m\u001b[0m\n",
      "\u001b[1;32mc:\\users\\anike\\appdata\\local\\programs\\python\\python38\\lib\\site-packages\\pandas\\io\\parsers.py\u001b[0m in \u001b[0;36m_read\u001b[1;34m(filepath_or_buffer, kwds)\u001b[0m\n\u001b[0;32m    455\u001b[0m \u001b[1;33m\u001b[0m\u001b[0m\n\u001b[0;32m    456\u001b[0m     \u001b[1;31m# Create the parser.\u001b[0m\u001b[1;33m\u001b[0m\u001b[1;33m\u001b[0m\u001b[1;33m\u001b[0m\u001b[0m\n\u001b[1;32m--> 457\u001b[1;33m     \u001b[0mparser\u001b[0m \u001b[1;33m=\u001b[0m \u001b[0mTextFileReader\u001b[0m\u001b[1;33m(\u001b[0m\u001b[0mfilepath_or_buffer\u001b[0m\u001b[1;33m,\u001b[0m \u001b[1;33m**\u001b[0m\u001b[0mkwds\u001b[0m\u001b[1;33m)\u001b[0m\u001b[1;33m\u001b[0m\u001b[1;33m\u001b[0m\u001b[0m\n\u001b[0m\u001b[0;32m    458\u001b[0m \u001b[1;33m\u001b[0m\u001b[0m\n\u001b[0;32m    459\u001b[0m     \u001b[1;32mif\u001b[0m \u001b[0mchunksize\u001b[0m \u001b[1;32mor\u001b[0m \u001b[0miterator\u001b[0m\u001b[1;33m:\u001b[0m\u001b[1;33m\u001b[0m\u001b[1;33m\u001b[0m\u001b[0m\n",
      "\u001b[1;32mc:\\users\\anike\\appdata\\local\\programs\\python\\python38\\lib\\site-packages\\pandas\\io\\parsers.py\u001b[0m in \u001b[0;36m__init__\u001b[1;34m(self, f, engine, **kwds)\u001b[0m\n\u001b[0;32m    812\u001b[0m             \u001b[0mself\u001b[0m\u001b[1;33m.\u001b[0m\u001b[0moptions\u001b[0m\u001b[1;33m[\u001b[0m\u001b[1;34m\"has_index_names\"\u001b[0m\u001b[1;33m]\u001b[0m \u001b[1;33m=\u001b[0m \u001b[0mkwds\u001b[0m\u001b[1;33m[\u001b[0m\u001b[1;34m\"has_index_names\"\u001b[0m\u001b[1;33m]\u001b[0m\u001b[1;33m\u001b[0m\u001b[1;33m\u001b[0m\u001b[0m\n\u001b[0;32m    813\u001b[0m \u001b[1;33m\u001b[0m\u001b[0m\n\u001b[1;32m--> 814\u001b[1;33m         \u001b[0mself\u001b[0m\u001b[1;33m.\u001b[0m\u001b[0m_engine\u001b[0m \u001b[1;33m=\u001b[0m \u001b[0mself\u001b[0m\u001b[1;33m.\u001b[0m\u001b[0m_make_engine\u001b[0m\u001b[1;33m(\u001b[0m\u001b[0mself\u001b[0m\u001b[1;33m.\u001b[0m\u001b[0mengine\u001b[0m\u001b[1;33m)\u001b[0m\u001b[1;33m\u001b[0m\u001b[1;33m\u001b[0m\u001b[0m\n\u001b[0m\u001b[0;32m    815\u001b[0m \u001b[1;33m\u001b[0m\u001b[0m\n\u001b[0;32m    816\u001b[0m     \u001b[1;32mdef\u001b[0m \u001b[0mclose\u001b[0m\u001b[1;33m(\u001b[0m\u001b[0mself\u001b[0m\u001b[1;33m)\u001b[0m\u001b[1;33m:\u001b[0m\u001b[1;33m\u001b[0m\u001b[1;33m\u001b[0m\u001b[0m\n",
      "\u001b[1;32mc:\\users\\anike\\appdata\\local\\programs\\python\\python38\\lib\\site-packages\\pandas\\io\\parsers.py\u001b[0m in \u001b[0;36m_make_engine\u001b[1;34m(self, engine)\u001b[0m\n\u001b[0;32m   1043\u001b[0m             )\n\u001b[0;32m   1044\u001b[0m         \u001b[1;31m# error: Too many arguments for \"ParserBase\"\u001b[0m\u001b[1;33m\u001b[0m\u001b[1;33m\u001b[0m\u001b[1;33m\u001b[0m\u001b[0m\n\u001b[1;32m-> 1045\u001b[1;33m         \u001b[1;32mreturn\u001b[0m \u001b[0mmapping\u001b[0m\u001b[1;33m[\u001b[0m\u001b[0mengine\u001b[0m\u001b[1;33m]\u001b[0m\u001b[1;33m(\u001b[0m\u001b[0mself\u001b[0m\u001b[1;33m.\u001b[0m\u001b[0mf\u001b[0m\u001b[1;33m,\u001b[0m \u001b[1;33m**\u001b[0m\u001b[0mself\u001b[0m\u001b[1;33m.\u001b[0m\u001b[0moptions\u001b[0m\u001b[1;33m)\u001b[0m  \u001b[1;31m# type: ignore[call-arg]\u001b[0m\u001b[1;33m\u001b[0m\u001b[1;33m\u001b[0m\u001b[0m\n\u001b[0m\u001b[0;32m   1046\u001b[0m \u001b[1;33m\u001b[0m\u001b[0m\n\u001b[0;32m   1047\u001b[0m     \u001b[1;32mdef\u001b[0m \u001b[0m_failover_to_python\u001b[0m\u001b[1;33m(\u001b[0m\u001b[0mself\u001b[0m\u001b[1;33m)\u001b[0m\u001b[1;33m:\u001b[0m\u001b[1;33m\u001b[0m\u001b[1;33m\u001b[0m\u001b[0m\n",
      "\u001b[1;32mc:\\users\\anike\\appdata\\local\\programs\\python\\python38\\lib\\site-packages\\pandas\\io\\parsers.py\u001b[0m in \u001b[0;36m__init__\u001b[1;34m(self, src, **kwds)\u001b[0m\n\u001b[0;32m   1860\u001b[0m \u001b[1;33m\u001b[0m\u001b[0m\n\u001b[0;32m   1861\u001b[0m         \u001b[1;31m# open handles\u001b[0m\u001b[1;33m\u001b[0m\u001b[1;33m\u001b[0m\u001b[1;33m\u001b[0m\u001b[0m\n\u001b[1;32m-> 1862\u001b[1;33m         \u001b[0mself\u001b[0m\u001b[1;33m.\u001b[0m\u001b[0m_open_handles\u001b[0m\u001b[1;33m(\u001b[0m\u001b[0msrc\u001b[0m\u001b[1;33m,\u001b[0m \u001b[0mkwds\u001b[0m\u001b[1;33m)\u001b[0m\u001b[1;33m\u001b[0m\u001b[1;33m\u001b[0m\u001b[0m\n\u001b[0m\u001b[0;32m   1863\u001b[0m         \u001b[1;32massert\u001b[0m \u001b[0mself\u001b[0m\u001b[1;33m.\u001b[0m\u001b[0mhandles\u001b[0m \u001b[1;32mis\u001b[0m \u001b[1;32mnot\u001b[0m \u001b[1;32mNone\u001b[0m\u001b[1;33m\u001b[0m\u001b[1;33m\u001b[0m\u001b[0m\n\u001b[0;32m   1864\u001b[0m         \u001b[1;32mfor\u001b[0m \u001b[0mkey\u001b[0m \u001b[1;32min\u001b[0m \u001b[1;33m(\u001b[0m\u001b[1;34m\"storage_options\"\u001b[0m\u001b[1;33m,\u001b[0m \u001b[1;34m\"encoding\"\u001b[0m\u001b[1;33m,\u001b[0m \u001b[1;34m\"memory_map\"\u001b[0m\u001b[1;33m,\u001b[0m \u001b[1;34m\"compression\"\u001b[0m\u001b[1;33m)\u001b[0m\u001b[1;33m:\u001b[0m\u001b[1;33m\u001b[0m\u001b[1;33m\u001b[0m\u001b[0m\n",
      "\u001b[1;32mc:\\users\\anike\\appdata\\local\\programs\\python\\python38\\lib\\site-packages\\pandas\\io\\parsers.py\u001b[0m in \u001b[0;36m_open_handles\u001b[1;34m(self, src, kwds)\u001b[0m\n\u001b[0;32m   1355\u001b[0m         \u001b[0mLet\u001b[0m \u001b[0mthe\u001b[0m \u001b[0mreaders\u001b[0m \u001b[0mopen\u001b[0m \u001b[0mIOHanldes\u001b[0m \u001b[0mafter\u001b[0m \u001b[0mthey\u001b[0m \u001b[0mare\u001b[0m \u001b[0mdone\u001b[0m \u001b[1;32mwith\u001b[0m \u001b[0mtheir\u001b[0m \u001b[0mpotential\u001b[0m \u001b[0mraises\u001b[0m\u001b[1;33m.\u001b[0m\u001b[1;33m\u001b[0m\u001b[1;33m\u001b[0m\u001b[0m\n\u001b[0;32m   1356\u001b[0m         \"\"\"\n\u001b[1;32m-> 1357\u001b[1;33m         self.handles = get_handle(\n\u001b[0m\u001b[0;32m   1358\u001b[0m             \u001b[0msrc\u001b[0m\u001b[1;33m,\u001b[0m\u001b[1;33m\u001b[0m\u001b[1;33m\u001b[0m\u001b[0m\n\u001b[0;32m   1359\u001b[0m             \u001b[1;34m\"r\"\u001b[0m\u001b[1;33m,\u001b[0m\u001b[1;33m\u001b[0m\u001b[1;33m\u001b[0m\u001b[0m\n",
      "\u001b[1;32mc:\\users\\anike\\appdata\\local\\programs\\python\\python38\\lib\\site-packages\\pandas\\io\\common.py\u001b[0m in \u001b[0;36mget_handle\u001b[1;34m(path_or_buf, mode, encoding, compression, memory_map, is_text, errors, storage_options)\u001b[0m\n\u001b[0;32m    637\u001b[0m         \u001b[1;32mif\u001b[0m \u001b[0mioargs\u001b[0m\u001b[1;33m.\u001b[0m\u001b[0mencoding\u001b[0m \u001b[1;32mand\u001b[0m \u001b[1;34m\"b\"\u001b[0m \u001b[1;32mnot\u001b[0m \u001b[1;32min\u001b[0m \u001b[0mioargs\u001b[0m\u001b[1;33m.\u001b[0m\u001b[0mmode\u001b[0m\u001b[1;33m:\u001b[0m\u001b[1;33m\u001b[0m\u001b[1;33m\u001b[0m\u001b[0m\n\u001b[0;32m    638\u001b[0m             \u001b[1;31m# Encoding\u001b[0m\u001b[1;33m\u001b[0m\u001b[1;33m\u001b[0m\u001b[1;33m\u001b[0m\u001b[0m\n\u001b[1;32m--> 639\u001b[1;33m             handle = open(\n\u001b[0m\u001b[0;32m    640\u001b[0m                 \u001b[0mhandle\u001b[0m\u001b[1;33m,\u001b[0m\u001b[1;33m\u001b[0m\u001b[1;33m\u001b[0m\u001b[0m\n\u001b[0;32m    641\u001b[0m                 \u001b[0mioargs\u001b[0m\u001b[1;33m.\u001b[0m\u001b[0mmode\u001b[0m\u001b[1;33m,\u001b[0m\u001b[1;33m\u001b[0m\u001b[1;33m\u001b[0m\u001b[0m\n",
      "\u001b[1;31mFileNotFoundError\u001b[0m: [Errno 2] No such file or directory: 'Desktop/data/housing data/housingdata.csv'"
     ]
    }
   ],
   "source": [
    "path = \"Desktop/data/housing data/housingdata.csv\"\n",
    "df = pd.read_csv(path)"
   ]
  },
  {
   "cell_type": "markdown",
   "metadata": {},
   "source": [
    " ### Variables in order:\n",
    " 1. CRIM     per capita crime rate by town\n",
    " 2. ZN       proportion of residential land zoned for lots over 25,000 sq.ft.\n",
    " 3. INDUS    proportion of non-retail business acres per town\n",
    " 4. CHAS     Charles River dummy variable (= 1 if tract bounds river; 0 otherwise)\n",
    " 5. NOX      nitric oxides concentration (parts per 10 million)\n",
    " 6. RM       average number of rooms per dwelling\n",
    " 7. AGE      proportion of owner-occupied units built prior to 1940\n",
    " 8. DIS      weighted distances to five Boston employment centres\n",
    " 9. RAD      index of accessibility to radial highways\n",
    " 10. TAX      full-value property-tax rate per 10,000 dollars\n",
    " 11. PTRATIO  pupil-teacher ratio by town\n",
    " 12. B        1000(Bk - 0.63)^2 where Bk is the proportion of blacks by town\n",
    " 13. LSTAT    % lower status of the population\n",
    " 14. MEDV     Median value of owner-occupied homes in 1000 USD"
   ]
  },
  {
   "cell_type": "code",
   "execution_count": 4,
   "metadata": {},
   "outputs": [],
   "source": [
    "df.columns = ['CRIM','ZN','INDUS','CHAS','NOX','RM','AGE','DIS','RAD','TAX','PTRATIO','B','LSTAT','MEDV']"
   ]
  },
  {
   "cell_type": "code",
   "execution_count": 5,
   "metadata": {},
   "outputs": [
    {
     "data": {
      "text/html": [
       "<div>\n",
       "<style scoped>\n",
       "    .dataframe tbody tr th:only-of-type {\n",
       "        vertical-align: middle;\n",
       "    }\n",
       "\n",
       "    .dataframe tbody tr th {\n",
       "        vertical-align: top;\n",
       "    }\n",
       "\n",
       "    .dataframe thead th {\n",
       "        text-align: right;\n",
       "    }\n",
       "</style>\n",
       "<table border=\"1\" class=\"dataframe\">\n",
       "  <thead>\n",
       "    <tr style=\"text-align: right;\">\n",
       "      <th></th>\n",
       "      <th>CRIM</th>\n",
       "      <th>ZN</th>\n",
       "      <th>INDUS</th>\n",
       "      <th>CHAS</th>\n",
       "      <th>NOX</th>\n",
       "      <th>RM</th>\n",
       "      <th>AGE</th>\n",
       "      <th>DIS</th>\n",
       "      <th>RAD</th>\n",
       "      <th>TAX</th>\n",
       "      <th>PTRATIO</th>\n",
       "      <th>B</th>\n",
       "      <th>LSTAT</th>\n",
       "      <th>MEDV</th>\n",
       "    </tr>\n",
       "  </thead>\n",
       "  <tbody>\n",
       "    <tr>\n",
       "      <th>0</th>\n",
       "      <td>0.02731</td>\n",
       "      <td>0.0</td>\n",
       "      <td>7.07</td>\n",
       "      <td>0</td>\n",
       "      <td>0.469</td>\n",
       "      <td>6.421</td>\n",
       "      <td>78.9</td>\n",
       "      <td>4.9671</td>\n",
       "      <td>2</td>\n",
       "      <td>242</td>\n",
       "      <td>17.8</td>\n",
       "      <td>396.90</td>\n",
       "      <td>9.14</td>\n",
       "      <td>21.6</td>\n",
       "    </tr>\n",
       "    <tr>\n",
       "      <th>1</th>\n",
       "      <td>0.02729</td>\n",
       "      <td>0.0</td>\n",
       "      <td>7.07</td>\n",
       "      <td>0</td>\n",
       "      <td>0.469</td>\n",
       "      <td>7.185</td>\n",
       "      <td>61.1</td>\n",
       "      <td>4.9671</td>\n",
       "      <td>2</td>\n",
       "      <td>242</td>\n",
       "      <td>17.8</td>\n",
       "      <td>392.83</td>\n",
       "      <td>4.03</td>\n",
       "      <td>34.7</td>\n",
       "    </tr>\n",
       "    <tr>\n",
       "      <th>2</th>\n",
       "      <td>0.03237</td>\n",
       "      <td>0.0</td>\n",
       "      <td>2.18</td>\n",
       "      <td>0</td>\n",
       "      <td>0.458</td>\n",
       "      <td>6.998</td>\n",
       "      <td>45.8</td>\n",
       "      <td>6.0622</td>\n",
       "      <td>3</td>\n",
       "      <td>222</td>\n",
       "      <td>18.7</td>\n",
       "      <td>394.63</td>\n",
       "      <td>2.94</td>\n",
       "      <td>33.4</td>\n",
       "    </tr>\n",
       "    <tr>\n",
       "      <th>3</th>\n",
       "      <td>0.06905</td>\n",
       "      <td>0.0</td>\n",
       "      <td>2.18</td>\n",
       "      <td>0</td>\n",
       "      <td>0.458</td>\n",
       "      <td>7.147</td>\n",
       "      <td>54.2</td>\n",
       "      <td>6.0622</td>\n",
       "      <td>3</td>\n",
       "      <td>222</td>\n",
       "      <td>18.7</td>\n",
       "      <td>396.90</td>\n",
       "      <td>5.33</td>\n",
       "      <td>36.2</td>\n",
       "    </tr>\n",
       "    <tr>\n",
       "      <th>4</th>\n",
       "      <td>0.02985</td>\n",
       "      <td>0.0</td>\n",
       "      <td>2.18</td>\n",
       "      <td>0</td>\n",
       "      <td>0.458</td>\n",
       "      <td>6.430</td>\n",
       "      <td>58.7</td>\n",
       "      <td>6.0622</td>\n",
       "      <td>3</td>\n",
       "      <td>222</td>\n",
       "      <td>18.7</td>\n",
       "      <td>394.12</td>\n",
       "      <td>5.21</td>\n",
       "      <td>28.7</td>\n",
       "    </tr>\n",
       "  </tbody>\n",
       "</table>\n",
       "</div>"
      ],
      "text/plain": [
       "      CRIM   ZN  INDUS  CHAS    NOX     RM   AGE     DIS  RAD  TAX  PTRATIO  \\\n",
       "0  0.02731  0.0   7.07     0  0.469  6.421  78.9  4.9671    2  242     17.8   \n",
       "1  0.02729  0.0   7.07     0  0.469  7.185  61.1  4.9671    2  242     17.8   \n",
       "2  0.03237  0.0   2.18     0  0.458  6.998  45.8  6.0622    3  222     18.7   \n",
       "3  0.06905  0.0   2.18     0  0.458  7.147  54.2  6.0622    3  222     18.7   \n",
       "4  0.02985  0.0   2.18     0  0.458  6.430  58.7  6.0622    3  222     18.7   \n",
       "\n",
       "        B  LSTAT  MEDV  \n",
       "0  396.90   9.14  21.6  \n",
       "1  392.83   4.03  34.7  \n",
       "2  394.63   2.94  33.4  \n",
       "3  396.90   5.33  36.2  \n",
       "4  394.12   5.21  28.7  "
      ]
     },
     "execution_count": 5,
     "metadata": {},
     "output_type": "execute_result"
    }
   ],
   "source": [
    "df.head()"
   ]
  },
  {
   "cell_type": "code",
   "execution_count": 6,
   "metadata": {},
   "outputs": [
    {
     "data": {
      "text/html": [
       "<div>\n",
       "<style scoped>\n",
       "    .dataframe tbody tr th:only-of-type {\n",
       "        vertical-align: middle;\n",
       "    }\n",
       "\n",
       "    .dataframe tbody tr th {\n",
       "        vertical-align: top;\n",
       "    }\n",
       "\n",
       "    .dataframe thead th {\n",
       "        text-align: right;\n",
       "    }\n",
       "</style>\n",
       "<table border=\"1\" class=\"dataframe\">\n",
       "  <thead>\n",
       "    <tr style=\"text-align: right;\">\n",
       "      <th></th>\n",
       "      <th>CRIM</th>\n",
       "      <th>ZN</th>\n",
       "      <th>INDUS</th>\n",
       "      <th>CHAS</th>\n",
       "      <th>NOX</th>\n",
       "      <th>RM</th>\n",
       "      <th>AGE</th>\n",
       "      <th>DIS</th>\n",
       "      <th>RAD</th>\n",
       "      <th>TAX</th>\n",
       "      <th>PTRATIO</th>\n",
       "      <th>B</th>\n",
       "      <th>LSTAT</th>\n",
       "      <th>MEDV</th>\n",
       "    </tr>\n",
       "  </thead>\n",
       "  <tbody>\n",
       "    <tr>\n",
       "      <th>CRIM</th>\n",
       "      <td>1.000000</td>\n",
       "      <td>-0.200283</td>\n",
       "      <td>0.406251</td>\n",
       "      <td>-0.056132</td>\n",
       "      <td>0.420934</td>\n",
       "      <td>-0.218978</td>\n",
       "      <td>0.352701</td>\n",
       "      <td>-0.379627</td>\n",
       "      <td>0.625396</td>\n",
       "      <td>0.582568</td>\n",
       "      <td>0.289394</td>\n",
       "      <td>-0.384839</td>\n",
       "      <td>0.455329</td>\n",
       "      <td>-0.388249</td>\n",
       "    </tr>\n",
       "    <tr>\n",
       "      <th>ZN</th>\n",
       "      <td>-0.200283</td>\n",
       "      <td>1.000000</td>\n",
       "      <td>-0.534022</td>\n",
       "      <td>-0.042550</td>\n",
       "      <td>-0.516574</td>\n",
       "      <td>0.311835</td>\n",
       "      <td>-0.569524</td>\n",
       "      <td>0.664395</td>\n",
       "      <td>-0.311717</td>\n",
       "      <td>-0.314351</td>\n",
       "      <td>-0.391713</td>\n",
       "      <td>0.175319</td>\n",
       "      <td>-0.412894</td>\n",
       "      <td>0.360393</td>\n",
       "    </tr>\n",
       "    <tr>\n",
       "      <th>INDUS</th>\n",
       "      <td>0.406251</td>\n",
       "      <td>-0.534022</td>\n",
       "      <td>1.000000</td>\n",
       "      <td>0.062350</td>\n",
       "      <td>0.764556</td>\n",
       "      <td>-0.391330</td>\n",
       "      <td>0.645543</td>\n",
       "      <td>-0.708848</td>\n",
       "      <td>0.594167</td>\n",
       "      <td>0.720561</td>\n",
       "      <td>0.380955</td>\n",
       "      <td>-0.356506</td>\n",
       "      <td>0.602737</td>\n",
       "      <td>-0.484126</td>\n",
       "    </tr>\n",
       "    <tr>\n",
       "      <th>CHAS</th>\n",
       "      <td>-0.056132</td>\n",
       "      <td>-0.042550</td>\n",
       "      <td>0.062350</td>\n",
       "      <td>1.000000</td>\n",
       "      <td>0.091134</td>\n",
       "      <td>0.091497</td>\n",
       "      <td>0.086461</td>\n",
       "      <td>-0.099109</td>\n",
       "      <td>-0.007907</td>\n",
       "      <td>-0.035965</td>\n",
       "      <td>-0.122570</td>\n",
       "      <td>0.049040</td>\n",
       "      <td>-0.054576</td>\n",
       "      <td>0.175364</td>\n",
       "    </tr>\n",
       "    <tr>\n",
       "      <th>NOX</th>\n",
       "      <td>0.420934</td>\n",
       "      <td>-0.516574</td>\n",
       "      <td>0.764556</td>\n",
       "      <td>0.091134</td>\n",
       "      <td>1.000000</td>\n",
       "      <td>-0.302127</td>\n",
       "      <td>0.731461</td>\n",
       "      <td>-0.769221</td>\n",
       "      <td>0.611758</td>\n",
       "      <td>0.668141</td>\n",
       "      <td>0.188918</td>\n",
       "      <td>-0.380006</td>\n",
       "      <td>0.591262</td>\n",
       "      <td>-0.427295</td>\n",
       "    </tr>\n",
       "    <tr>\n",
       "      <th>RM</th>\n",
       "      <td>-0.218978</td>\n",
       "      <td>0.311835</td>\n",
       "      <td>-0.391330</td>\n",
       "      <td>0.091497</td>\n",
       "      <td>-0.302127</td>\n",
       "      <td>1.000000</td>\n",
       "      <td>-0.240211</td>\n",
       "      <td>0.205170</td>\n",
       "      <td>-0.209277</td>\n",
       "      <td>-0.291680</td>\n",
       "      <td>-0.355116</td>\n",
       "      <td>0.127754</td>\n",
       "      <td>-0.613734</td>\n",
       "      <td>0.695365</td>\n",
       "    </tr>\n",
       "    <tr>\n",
       "      <th>AGE</th>\n",
       "      <td>0.352701</td>\n",
       "      <td>-0.569524</td>\n",
       "      <td>0.645543</td>\n",
       "      <td>0.086461</td>\n",
       "      <td>0.731461</td>\n",
       "      <td>-0.240211</td>\n",
       "      <td>1.000000</td>\n",
       "      <td>-0.747872</td>\n",
       "      <td>0.456232</td>\n",
       "      <td>0.506527</td>\n",
       "      <td>0.261724</td>\n",
       "      <td>-0.273486</td>\n",
       "      <td>0.602782</td>\n",
       "      <td>-0.376932</td>\n",
       "    </tr>\n",
       "    <tr>\n",
       "      <th>DIS</th>\n",
       "      <td>-0.379627</td>\n",
       "      <td>0.664395</td>\n",
       "      <td>-0.708848</td>\n",
       "      <td>-0.099109</td>\n",
       "      <td>-0.769221</td>\n",
       "      <td>0.205170</td>\n",
       "      <td>-0.747872</td>\n",
       "      <td>1.000000</td>\n",
       "      <td>-0.494798</td>\n",
       "      <td>-0.534492</td>\n",
       "      <td>-0.232561</td>\n",
       "      <td>0.291451</td>\n",
       "      <td>-0.497277</td>\n",
       "      <td>0.249896</td>\n",
       "    </tr>\n",
       "    <tr>\n",
       "      <th>RAD</th>\n",
       "      <td>0.625396</td>\n",
       "      <td>-0.311717</td>\n",
       "      <td>0.594167</td>\n",
       "      <td>-0.007907</td>\n",
       "      <td>0.611758</td>\n",
       "      <td>-0.209277</td>\n",
       "      <td>0.456232</td>\n",
       "      <td>-0.494798</td>\n",
       "      <td>1.000000</td>\n",
       "      <td>0.910202</td>\n",
       "      <td>0.463322</td>\n",
       "      <td>-0.444065</td>\n",
       "      <td>0.487608</td>\n",
       "      <td>-0.381690</td>\n",
       "    </tr>\n",
       "    <tr>\n",
       "      <th>TAX</th>\n",
       "      <td>0.582568</td>\n",
       "      <td>-0.314351</td>\n",
       "      <td>0.720561</td>\n",
       "      <td>-0.035965</td>\n",
       "      <td>0.668141</td>\n",
       "      <td>-0.291680</td>\n",
       "      <td>0.506527</td>\n",
       "      <td>-0.534492</td>\n",
       "      <td>0.910202</td>\n",
       "      <td>1.000000</td>\n",
       "      <td>0.460100</td>\n",
       "      <td>-0.441505</td>\n",
       "      <td>0.543435</td>\n",
       "      <td>-0.468543</td>\n",
       "    </tr>\n",
       "    <tr>\n",
       "      <th>PTRATIO</th>\n",
       "      <td>0.289394</td>\n",
       "      <td>-0.391713</td>\n",
       "      <td>0.380955</td>\n",
       "      <td>-0.122570</td>\n",
       "      <td>0.188918</td>\n",
       "      <td>-0.355116</td>\n",
       "      <td>0.261724</td>\n",
       "      <td>-0.232561</td>\n",
       "      <td>0.463322</td>\n",
       "      <td>0.460100</td>\n",
       "      <td>1.000000</td>\n",
       "      <td>-0.176515</td>\n",
       "      <td>0.372148</td>\n",
       "      <td>-0.508411</td>\n",
       "    </tr>\n",
       "    <tr>\n",
       "      <th>B</th>\n",
       "      <td>-0.384839</td>\n",
       "      <td>0.175319</td>\n",
       "      <td>-0.356506</td>\n",
       "      <td>0.049040</td>\n",
       "      <td>-0.380006</td>\n",
       "      <td>0.127754</td>\n",
       "      <td>-0.273486</td>\n",
       "      <td>0.291451</td>\n",
       "      <td>-0.444065</td>\n",
       "      <td>-0.441505</td>\n",
       "      <td>-0.176515</td>\n",
       "      <td>1.000000</td>\n",
       "      <td>-0.365637</td>\n",
       "      <td>0.333394</td>\n",
       "    </tr>\n",
       "    <tr>\n",
       "      <th>LSTAT</th>\n",
       "      <td>0.455329</td>\n",
       "      <td>-0.412894</td>\n",
       "      <td>0.602737</td>\n",
       "      <td>-0.054576</td>\n",
       "      <td>0.591262</td>\n",
       "      <td>-0.613734</td>\n",
       "      <td>0.602782</td>\n",
       "      <td>-0.497277</td>\n",
       "      <td>0.487608</td>\n",
       "      <td>0.543435</td>\n",
       "      <td>0.372148</td>\n",
       "      <td>-0.365637</td>\n",
       "      <td>1.000000</td>\n",
       "      <td>-0.738187</td>\n",
       "    </tr>\n",
       "    <tr>\n",
       "      <th>MEDV</th>\n",
       "      <td>-0.388249</td>\n",
       "      <td>0.360393</td>\n",
       "      <td>-0.484126</td>\n",
       "      <td>0.175364</td>\n",
       "      <td>-0.427295</td>\n",
       "      <td>0.695365</td>\n",
       "      <td>-0.376932</td>\n",
       "      <td>0.249896</td>\n",
       "      <td>-0.381690</td>\n",
       "      <td>-0.468543</td>\n",
       "      <td>-0.508411</td>\n",
       "      <td>0.333394</td>\n",
       "      <td>-0.738187</td>\n",
       "      <td>1.000000</td>\n",
       "    </tr>\n",
       "  </tbody>\n",
       "</table>\n",
       "</div>"
      ],
      "text/plain": [
       "             CRIM        ZN     INDUS      CHAS       NOX        RM       AGE  \\\n",
       "CRIM     1.000000 -0.200283  0.406251 -0.056132  0.420934 -0.218978  0.352701   \n",
       "ZN      -0.200283  1.000000 -0.534022 -0.042550 -0.516574  0.311835 -0.569524   \n",
       "INDUS    0.406251 -0.534022  1.000000  0.062350  0.764556 -0.391330  0.645543   \n",
       "CHAS    -0.056132 -0.042550  0.062350  1.000000  0.091134  0.091497  0.086461   \n",
       "NOX      0.420934 -0.516574  0.764556  0.091134  1.000000 -0.302127  0.731461   \n",
       "RM      -0.218978  0.311835 -0.391330  0.091497 -0.302127  1.000000 -0.240211   \n",
       "AGE      0.352701 -0.569524  0.645543  0.086461  0.731461 -0.240211  1.000000   \n",
       "DIS     -0.379627  0.664395 -0.708848 -0.099109 -0.769221  0.205170 -0.747872   \n",
       "RAD      0.625396 -0.311717  0.594167 -0.007907  0.611758 -0.209277  0.456232   \n",
       "TAX      0.582568 -0.314351  0.720561 -0.035965  0.668141 -0.291680  0.506527   \n",
       "PTRATIO  0.289394 -0.391713  0.380955 -0.122570  0.188918 -0.355116  0.261724   \n",
       "B       -0.384839  0.175319 -0.356506  0.049040 -0.380006  0.127754 -0.273486   \n",
       "LSTAT    0.455329 -0.412894  0.602737 -0.054576  0.591262 -0.613734  0.602782   \n",
       "MEDV    -0.388249  0.360393 -0.484126  0.175364 -0.427295  0.695365 -0.376932   \n",
       "\n",
       "              DIS       RAD       TAX   PTRATIO         B     LSTAT      MEDV  \n",
       "CRIM    -0.379627  0.625396  0.582568  0.289394 -0.384839  0.455329 -0.388249  \n",
       "ZN       0.664395 -0.311717 -0.314351 -0.391713  0.175319 -0.412894  0.360393  \n",
       "INDUS   -0.708848  0.594167  0.720561  0.380955 -0.356506  0.602737 -0.484126  \n",
       "CHAS    -0.099109 -0.007907 -0.035965 -0.122570  0.049040 -0.054576  0.175364  \n",
       "NOX     -0.769221  0.611758  0.668141  0.188918 -0.380006  0.591262 -0.427295  \n",
       "RM       0.205170 -0.209277 -0.291680 -0.355116  0.127754 -0.613734  0.695365  \n",
       "AGE     -0.747872  0.456232  0.506527  0.261724 -0.273486  0.602782 -0.376932  \n",
       "DIS      1.000000 -0.494798 -0.534492 -0.232561  0.291451 -0.497277  0.249896  \n",
       "RAD     -0.494798  1.000000  0.910202  0.463322 -0.444065  0.487608 -0.381690  \n",
       "TAX     -0.534492  0.910202  1.000000  0.460100 -0.441505  0.543435 -0.468543  \n",
       "PTRATIO -0.232561  0.463322  0.460100  1.000000 -0.176515  0.372148 -0.508411  \n",
       "B        0.291451 -0.444065 -0.441505 -0.176515  1.000000 -0.365637  0.333394  \n",
       "LSTAT   -0.497277  0.487608  0.543435  0.372148 -0.365637  1.000000 -0.738187  \n",
       "MEDV     0.249896 -0.381690 -0.468543 -0.508411  0.333394 -0.738187  1.000000  "
      ]
     },
     "execution_count": 6,
     "metadata": {},
     "output_type": "execute_result"
    }
   ],
   "source": [
    "corr = df.corr()\n",
    "corr"
   ]
  },
  {
   "cell_type": "code",
   "execution_count": 7,
   "metadata": {},
   "outputs": [
    {
     "data": {
